20
20
128
1 0
1 1
4 1
5 1
6 1
7 1
8 1
9 1
10 1
11 1
12 1
13 1
14 1
15 1
16 1
17 1
18 1
1 2
4 2
18 2
1 3
4 3
18 3
1 4
4 4
6 4
7 4
8 4
9 4
10 4
11 4
12 4
13 4
14 4
15 4
16 4
18 4
1 5
4 5
18 5
1 6
4 6
8 6
9 6
10 6
11 6
12 6
18 6
1 7
4 7
18 7
1 8
4 8
8 8
9 8
11 8
12 8
18 8
1 9
4 9
9 9
11 9
15 9
18 9
1 10
4 10
9 10
11 10
15 10
18 10
1 11
8 11
9 11
11 11
12 11
15 11
18 11
1 12
15 12
18 12
1 13
8 13
9 13
10 13
11 13
12 13
15 13
18 13
1 14
15 14
18 14
1 15
3 15
4 15
5 15
6 15
7 15
8 15
9 15
10 15
11 15
12 15
13 15
15 15
18 15
1 16
15 16
18 16
1 17
15 17
18 17
1 18
2 18
3 18
4 18
5 18
6 18
7 18
8 18
9 18
10 18
11 18
12 18
13 18
14 18
15 18
18 18
18 19
