35
9
192
2 0
3 0
4 0
5 0
6 0
7 0
8 0
9 0
10 0
11 0
12 0
13 0
14 0
15 0
16 0
17 0
18 0
19 0
20 0
21 0
22 0
23 0
24 0
25 0
26 0
27 0
28 0
29 0
30 0
31 0
32 0
33 0
34 0
0 1
2 1
3 1
4 1
5 1
6 1
27 1
28 1
29 1
30 1
31 1
32 1
33 1
34 1
0 2
2 2
3 2
4 2
5 2
6 2
8 2
9 2
10 2
11 2
12 2
13 2
14 2
15 2
16 2
17 2
18 2
19 2
20 2
21 2
23 2
24 2
25 2
27 2
28 2
29 2
30 2
31 2
32 2
33 2
34 2
0 3
2 3
3 3
4 3
5 3
6 3
8 3
25 3
27 3
28 3
29 3
30 3
31 3
32 3
33 3
34 3
0 4
8 4
25 4
34 4
0 5
1 5
2 5
3 5
4 5
5 5
6 5
8 5
25 5
27 5
28 5
29 5
30 5
31 5
32 5
34 5
0 6
1 6
2 6
3 6
4 6
5 6
6 6
8 6
9 6
10 6
12 6
13 6
14 6
15 6
16 6
17 6
18 6
19 6
20 6
21 6
22 6
23 6
24 6
25 6
27 6
28 6
29 6
30 6
31 6
32 6
34 6
0 7
1 7
2 7
3 7
4 7
5 7
6 7
27 7
28 7
29 7
30 7
31 7
32 7
34 7
0 8
1 8
2 8
3 8
4 8
5 8
6 8
7 8
8 8
9 8
10 8
11 8
12 8
13 8
14 8
15 8
16 8
17 8
18 8
19 8
20 8
21 8
22 8
23 8
24 8
25 8
26 8
27 8
28 8
29 8
30 8
31 8
32 8
