20
19
122
0 1
1 1
3 1
4 1
5 1
7 1
8 1
9 1
11 1
12 1
13 1
15 1
16 1
17 1
18 1
19 1
9 2
11 2
2 3
4 3
9 3
11 3
16 3
18 3
2 4
4 4
8 4
9 4
11 4
12 4
16 4
18 4
2 5
4 5
8 5
12 5
16 5
18 5
2 6
4 6
8 6
9 6
10 6
11 6
12 6
16 6
18 6
2 7
4 7
16 7
18 7
2 8
4 8
9 8
10 8
16 8
18 8
2 9
4 9
8 9
9 9
10 9
11 9
16 9
18 9
2 10
4 10
9 10
10 10
16 10
18 10
2 11
4 11
16 11
18 11
2 12
4 12
7 12
8 12
9 12
10 12
11 12
16 12
18 12
2 13
4 13
7 13
11 13
16 13
18 13
2 14
4 14
7 14
8 14
10 14
11 14
16 14
18 14
2 15
4 15
8 15
10 15
16 15
18 15
8 16
10 16
0 17
1 17
2 17
3 17
4 17
6 17
7 17
8 17
10 17
11 17
12 17
14 17
15 17
16 17
18 17
19 17
