50
32
118
1 1
2 1
3 1
3 2
4 2
5 2
5 3
6 3
7 3
7 5
8 5
9 5
10 5
11 5
12 5
13 5
14 5
7 6
8 6
9 6
10 6
11 6
12 6
13 6
14 6
14 8
25 8
26 8
27 8
28 8
29 8
30 8
31 8
32 8
33 8
34 8
35 8
14 9
14 10
24 10
25 10
14 11
24 11
14 12
24 12
14 13
24 13
25 13
14 14
33 14
34 14
35 14
14 15
24 15
25 15
26 15
27 15
28 15
35 15
14 16
21 16
22 16
23 16
24 16
25 16
35 16
14 17
15 17
16 17
35 17
24 18
25 18
35 18
25 19
35 19
25 20
35 20
24 21
25 21
35 21
35 22
14 23
15 23
16 23
17 23
18 23
19 23
20 23
21 23
22 23
23 23
24 23
35 23
35 25
36 25
37 25
38 25
39 25
40 25
41 25
42 25
35 26
36 26
37 26
38 26
39 26
40 26
41 26
42 26
42 28
43 28
44 28
44 29
45 29
46 29
46 30
47 30
48 30
